1 1 35
2 0 8
3 0 31
4 0 5
5 0 8
6 0 3
7 0 7
8 0 11
9 0 71
10 0 9
11 0 5
12 0 14
13 0 4
14 0 3
15 0 5
16 0 25
17 0 52
18 0 5
19 0 5
20 0 5
21 0 6
22 0 3
23 0 12
24 0 27
25 0 33
26 0 6
27 0 2
28 0 4
29 0 3
30 0 5
31 0 4
32 0 21
33 0 6
34 0 4
35 0 3
36 0 3
37 0 4
38 0 1
39 0 3
40 0 2
41 0 7
42 0 9
43 0 5
44 0 19
45 0 4
46 0 2
47 0 7
48 0 17
49 0 4
50 0 3
51 0 2
52 0 3
53 0 3
54 0 1
55 0 2
56 0 3
57 0 5
58 0 3
59 0 1
60 0 2
61 0 4
62 0 2
63 0 4
64 0 7
65 0 20
66 0 5
67 0 14
68 0 4
69 0 6
70 0 2
71 0 4
72 0 3
73 0 5
74 0 3
75 0 1
76 0 3
77 0 2
78 0 2
79 0 2
80 0 4
81 0 5
82 0 2
83 0 1
84 0 2
85 0 5
86 0 2
87 0 3
88 0 2
89 0 2
90 0 1
91 0 2
92 0 1
93 0 2
94 0 2
95 0 2
96 0 3
97 0 7
98 0 2
99 0 3
100 0 3
101 0 3
102 0 2
103 0 3
104 0 3
105 0 10
106 0 33
107 0 4
108 0 14
109 0 2
110 0 3
111 0 3
112 0 8
113 0 6
114 0 2
115 0 1
116 0 3
117 0 9
118 0 2
119 0 3
120 0 3
121 0 4
122 0 4
123 0 1
124 0 2
125 0 4
126 0 3
127 0 3
128 0 5
129 0 6
130 0 4
131 0 3
132 0 3
133 0 3
134 0 1
135 0 2
136 0 2
137 0 5
138 0 3
139 0 2
140 0 3
141 0 2
142 0 1
143 0 2
144 0 5
145 0 5
146 0 3
147 0 4
148 0 6
149 0 9
150 0 3
151 0 23
152 0 6
153 0 3
154 0 4
155 0 2
156 0 3
157 0 5
158 0 3
159 0 3
160 0 9
161 0 4
162 0 2
163 0 1
164 0 1
165 0 2
166 0 1
167 0 1
168 0 2
169 0 2
170 0 3
171 0 1
172 0 3
173 0 1
174 0 1
175 0 2
176 0 4
177 0 4
178 0 1
179 0 2
180 0 2
181 0 2
182 0 2
183 0 3
184 0 3
185 0 3
186 0 3
187 0 2
188 0 3
189 0 4
190 0 6
191 0 3
192 0 15
193 0 5
194 0 2
195 0 4
196 0 3
197 0 3
198 0 2
199 0 3
200 0 3
201 0 5
202 0 6
203 0 1
204 0 3
205 0 2
206 0 2
207 0 2
208 0 5
209 0 13
210 0 3
211 0 5
212 0 3
213 0 21
214 0 4
215 0 15
216 0 9
217 0 4
218 0 4
219 0 2
220 0 3
221 0 3
222 0 4
223 0 3
224 0 9
225 0 16
226 0 2
227 0 3
228 0 3
229 0 3
230 0 2
231 0 3
232 0 23
233 0 32
234 0 15
235 0 3
236 0 8
237 0 3
238 0 3
239 0 5
240 0 55
241 0 33
242 0 3
243 0 3
244 0 4
245 0 14
246 0 6
247 0 9
248 0 59
249 0 30
250 0 11
251 0 2
252 0 10
253 0 8
254 0 22
255 0 6
256 26 271
257 1 33
258 0 11
259 0 26
260 0 6
261 0 10
262 0 6
263 0 7
264 0 12
265 0 56
266 0 6
267 0 5
268 0 12
269 0 4
270 0 3
271 0 6
272 0 29
273 0 53
274 0 5
275 0 5
276 0 6
277 0 8
278 0 3
279 0 12
280 0 28
281 0 30
282 0 4
283 0 3
284 0 4
285 0 4
286 0 3
287 0 4
288 0 22
289 0 7
290 0 3
291 0 3
292 0 3
293 0 4
294 0 1
295 0 3
296 0 3
297 0 6
298 0 15
299 0 5
300 0 24
301 0 4
302 0 2
303 0 5
304 0 11
305 0 4
306 0 3
307 0 2
308 0 2
309 0 4
310 0 2
311 0 3
312 0 4
313 0 4
314 0 4
315 0 2
316 0 3
317 0 3
318 0 3
319 0 3
320 0 8
321 0 14
322 0 5
323 0 14
324 0 4
325 0 5
326 0 2
327 0 3
328 0 3
329 0 5
330 0 4
331 0 2
332 0 3
333 0 2
334 0 2
335 0 2
336 0 4
337 0 6
338 0 2
339 0 2
340 0 2
341 0 5
342 0 2
343 0 4
344 0 3
345 0 3
346 0 1
347 0 2
348 0 2
349 0 2
350 0 2
351 0 2
352 0 3
353 0 7
354 0 2
355 0 3
356 0 3
357 0 3
358 0 1
359 0 3
360 0 3
361 0 11
362 0 31
363 0 4
364 0 28
365 0 3
366 0 3
367 0 3
368 0 8
369 0 5
370 0 2
371 0 2
372 0 3
373 0 5
374 0 2
375 0 2
376 0 4
377 0 5
378 0 3
379 0 1
380 0 3
381 0 3
382 0 2
383 0 3
384 0 6
385 0 7
386 0 4
387 0 3
388 0 3
389 0 3
390 0 2
391 0 3
392 0 3
393 0 5
394 0 2
395 0 2
396 0 4
397 0 3
398 0 1
399 0 2
400 0 5
401 0 5
402 0 3
403 0 4
404 0 6
405 0 8
406 0 3
407 0 29
408 0 9
409 0 3
410 0 5
411 0 2
412 0 4
413 0 6
414 0 3
415 0 3
416 0 9
417 0 3
418 0 2
419 0 2
420 0 2
421 0 1
422 0 1
423 0 1
424 0 2
425 0 3
426 0 3
427 0 1
428 0 4
429 0 2
430 0 1
431 0 2
432 0 3
433 0 3
434 0 1
435 0 2
436 0 2
437 0 2
438 0 1
439 0 3
440 0 3
441 0 3
442 0 3
443 0 2
444 0 3
445 0 5
446 0 6
447 0 3
448 0 17
449 0 6
450 0 3
451 0 4
452 0 3
453 0 3
454 0 2
455 0 3
456 0 2
457 0 5
458 0 6
459 0 1
460 0 2
461 0 2
462 0 2
463 0 3
464 0 5
465 0 9
466 0 3
467 0 4
468 0 3
469 0 30
470 0 3
471 0 17
472 0 7
473 0 4
474 0 3
475 0 2
476 0 4
477 0 2
478 0 4
479 0 2
480 0 8
481 0 16
482 0 3
483 0 3
484 0 3
485 0 3
486 0 1
487 0 3
488 0 29
489 0 40
490 0 17
491 0 3
492 0 7
493 0 3
494 0 4
495 0 4
496 0 47
497 0 38
498 0 4
499 0 2
500 0 5
501 0 15
502 0 5
503 0 7
504 0 57
505 0 37
506 0 8
507 0 2
508 0 8
509 0 7
510 0 18
511 0 6
512 21 293
513 0 29
514 0 7
515 0 30
516 0 6
517 0 7
518 0 5
519 0 8
520 0 9
521 0 59
522 0 5
523 0 5
524 0 9
525 0 6
526 0 3
527 0 6
528 0 28
529 0 54
530 0 6
531 0 5
532 0 5
533 0 6
534 0 3
535 0 12
536 0 26
537 0 29
538 0 3
539 0 2
540 0 3
541 0 4
542 0 3
543 0 5
544 0 25
545 0 8
546 0 2
547 0 3
548 0 2
549 0 11
550 0 1
551 0 3
552 0 3
553 0 6
554 0 16
555 0 3
556 0 30
557 0 4
558 0 3
559 0 11
560 0 13
561 0 5
562 0 2
563 0 1
564 0 2
565 0 2
566 0 1
567 0 3
568 0 3
569 0 3
570 0 3
571 0 1
572 0 3
573 0 3
574 0 3
575 0 3
576 0 8
577 0 25
578 0 3
579 0 15
580 0 3
581 0 4
582 0 2
583 0 2
584 0 3
585 0 5
586 0 4
587 0 1
588 0 3
589 0 1
590 0 1
591 0 1
592 0 3
593 0 6
594 0 2
595 0 2
596 0 2
597 0 4
598 0 1
599 0 3
600 0 3
601 0 2
602 0 2
603 0 1
604 0 1
605 0 2
606 0 2
607 0 1
608 0 3
609 0 6
610 0 2
611 0 5
612 0 3
613 0 3
614 0 1
615 0 4
616 0 2
617 0 8
618 0 38
619 0 4
620 0 36
621 0 2
622 0 3
623 0 3
624 0 9
625 0 5
626 0 2
627 0 2
628 0 1
629 0 12
630 0 2
631 0 2
632 0 4
633 0 5
634 0 2
635 0 1
636 0 2
637 0 3
638 0 3
639 0 3
640 0 6
641 0 8
642 0 3
643 0 3
644 0 2
645 0 3
646 0 2
647 0 3
648 0 3
649 0 5
650 0 3
651 0 2
652 0 3
653 0 3
654 0 1
655 0 2
656 0 3
657 0 6
658 0 2
659 0 5
660 0 5
661 0 9
662 0 3
663 0 38
664 0 9
665 0 4
666 0 6
667 0 2
668 0 4
669 0 5
670 0 2
671 0 2
672 0 7
673 0 3
674 0 2
675 0 2
676 0 1
677 0 2
678 0 1
679 0 1
680 0 2
681 0 2
682 0 2
683 0 1
684 0 3
685 0 2
686 0 2
687 0 2
688 0 3
689 0 2
690 0 2
691 0 1
692 0 2
693 0 3
694 0 1
695 0 3
696 0 3
697 0 3
698 0 3
699 0 2
700 0 3
701 0 2
702 0 6
703 0 3
704 0 21
705 0 7
706 0 3
707 0 3
708 0 3
709 0 3
710 0 1
711 0 3
712 0 2
713 0 5
714 0 6
715 0 1
716 0 2
717 0 2
718 0 2
719 0 2
720 0 4
721 0 12
722 0 2
723 0 3
724 0 3
725 0 32
726 0 3
727 0 25
728 0 6
729 0 4
730 0 3
731 0 2
732 0 3
733 0 2
734 0 4
735 0 3
736 0 9
737 0 18
738 0 3
739 0 2
740 0 2
741 0 2
742 0 2
743 0 3
744 0 22
745 0 36
746 0 16
747 0 2
748 0 7
749 0 3
750 0 3
751 0 3
752 0 50
753 0 51
754 0 3
755 0 2
756 0 5
757 0 13
758 0 3
759 0 6
760 0 57
761 0 36
762 0 9
763 0 2
764 0 6
765 0 6
766 0 20
767 0 8
768 20 272
769 0 29
770 0 9
771 0 30
772 0 7
773 0 6
774 0 3
775 0 6
776 0 10
777 0 66
778 0 6
779 0 7
780 0 10
781 0 5
782 0 3
783 0 6
784 0 28
785 0 53
786 0 5
787 0 5
788 0 6
789 0 7
790 0 3
791 0 12
792 0 33
793 0 35
794 0 6
795 0 2
796 0 4
797 0 3
798 0 4
799 0 3
800 0 28
801 0 8
802 0 4
803 0 4
804 0 3
805 0 4
806 0 1
807 0 5
808 0 2
809 0 6
810 0 13
811 0 7
812 0 18
813 0 3
814 0 3
815 0 6
816 0 13
817 0 4
818 0 2
819 0 4
820 0 2
821 0 4
822 0 1
823 0 2
824 0 3
825 0 5
826 0 4
827 0 2
828 0 3
829 0 4
830 0 2
831 0 3
832 0 7
833 0 22
834 0 6
835 0 13
836 0 4
837 0 5
838 0 2
839 0 4
840 0 3
841 0 4
842 0 4
843 0 2
844 0 4
845 0 2
846 0 3
847 0 2
848 0 3
849 0 7
850 0 2
851 0 2
852 0 1
853 0 6
854 0 2
855 0 3
856 0 4
857 0 2
858 0 1
859 0 1
860 0 1
861 0 1
862 0 2
863 0 1
864 0 3
865 0 8
866 0 3
867 0 5
868 0 3
869 0 3
870 0 1
871 0 5
872 0 3
873 0 10
874 0 30
875 0 2
876 0 19
877 0 3
878 0 2
879 0 4
880 0 8
881 0 5
882 0 2
883 0 1
884 0 3
885 0 8
886 0 2
887 0 3
888 0 4
889 0 4
890 0 4
891 0 1
892 0 3
893 0 3
894 0 4
895 0 3
896 0 6
897 0 8
898 0 3
899 0 3
900 0 3
901 0 4
902 0 1
903 0 3
904 0 3
905 0 5
906 0 3
907 0 2
908 0 3
909 0 2
910 0 1
911 0 2
912 0 4
913 0 5
914 0 3
915 0 4
916 0 5
917 0 8
918 0 3
919 0 29
920 0 12
921 0 4
922 0 4
923 0 2
924 0 4
925 0 5
926 0 3
927 0 3
928 0 10
929 0 3
930 0 2
931 0 1
932 0 2
933 0 2
934 0 1
935 0 1
936 0 2
937 0 2
938 0 5
939 0 2
940 0 3
941 0 1
942 0 1
943 0 2
944 0 4
945 0 3
946 0 1
947 0 1
948 0 2
949 0 3
950 0 1
951 0 3
952 0 3
953 0 2
954 0 2
955 0 2
956 0 3
957 0 3
958 0 6
959 0 4
960 0 19
961 0 8
962 0 2
963 0 3
964 0 4
965 0 3
966 0 1
967 0 2
968 0 2
969 0 5
970 0 5
971 0 1
972 0 4
973 0 2
974 0 1
975 0 2
976 0 4
977 0 10
978 0 4
979 0 4
980 0 3
981 0 21
982 0 3
983 0 19
984 0 8
985 0 4
986 0 3
987 0 2
988 0 3
989 0 3
990 0 3
991 0 3
992 0 8
993 0 8
994 0 3
995 0 2
996 0 3
997 0 3
998 0 2
999 0 2
1000 0 27
1001 0 20
1002 0 15
1003 0 3
1004 0 9
1005 0 3
1006 0 3
1007 0 4
1008 0 50
1009 0 29
1010 0 3
1011 0 3
1012 0 4
1013 0 15
1014 0 4
1015 0 7
1016 0 55
1017 0 35
1018 0 9
1019 0 3
1020 0 9
1021 0 7
1022 0 21
1023 0 5
1024 22 283
1025 0 38
1026 0 12
1027 0 24
1028 0 7
1029 0 8
1030 0 4
1031 0 6
1032 0 12
1033 0 62
1034 0 6
1035 0 4
1036 0 11
1037 0 5
1038 0 3
1039 0 8
1040 0 27
1041 0 53
1042 0 4
1043 0 4
1044 0 6
1045 0 7
1046 0 2
1047 0 12
1048 0 28
1049 0 35
1050 0 4
1051 0 2
1052 0 5
1053 0 5
1054 0 3
1055 0 2
1056 0 27
1057 0 6
1058 0 4
1059 0 5
1060 0 3
1061 0 4
1062 0 1
1063 0 4
1064 0 2
1065 0 7
1066 0 13
1067 0 5
1068 0 31
1069 0 4
1070 0 4
1071 0 8
1072 0 14
1073 0 4
1074 0 2
1075 0 3
1076 0 2
1077 0 3
1078 0 2
1079 0 2
1080 0 4
1081 0 4
1082 0 3
1083 0 2
1084 0 4
1085 0 5
1086 0 2
1087 0 3
1088 0 8
1089 0 18
1090 0 5
1091 0 13
1092 0 5
1093 0 4
1094 0 2
1095 0 4
1096 0 3
1097 0 5
1098 0 7
1099 0 2
1100 0 3
1101 0 2
1102 0 3
1103 0 2
1104 0 3
1105 0 6
1106 0 2
1107 0 3
1108 0 2
1109 0 6
1110 0 2
1111 0 2
1112 0 3
1113 0 2
1114 0 2
1115 0 2
1116 0 2
1117 0 2
1118 0 3
1119 0 2
1120 0 4
1121 0 7
1122 0 3
1123 0 3
1124 0 3
1125 0 4
1126 0 2
1127 0 5
1128 0 4
1129 0 10
1130 0 29
1131 0 2
1132 0 28
1133 0 3
1134 0 3
1135 0 3
1136 0 11
1137 0 8
1138 0 2
1139 0 1
1140 0 2
1141 0 8
1142 0 2
1143 0 3
1144 0 3
1145 0 4
1146 0 4
1147 0 2
1148 0 2
1149 0 4
1150 0 3
1151 0 3
1152 0 7
1153 0 8
1154 0 4
1155 0 4
1156 0 2
1157 0 4
1158 0 2
1159 0 4
1160 0 2
1161 0 4
1162 0 2
1163 0 2
1164 0 4
1165 0 1
1166 0 1
1167 0 2
1168 0 3
1169 0 6
1170 0 4
1171 0 4
1172 0 4
1173 0 10
1174 0 3
1175 0 37
1176 0 12
1177 0 4
1178 0 4
1179 0 2
1180 0 5
1181 0 6
1182 0 5
1183 0 3
1184 0 8
1185 0 3
1186 0 2
1187 0 2
1188 0 2
1189 0 3
1190 0 2
1191 0 1
1192 0 2
1193 0 3
1194 0 3
1195 0 2
1196 0 3
1197 0 2
1198 0 2
1199 0 2
1200 0 3
1201 0 3
1202 0 1
1203 0 2
1204 0 3
1205 0 3
1206 0 2
1207 0 3
1208 0 4
1209 0 3
1210 0 3
1211 0 2
1212 0 4
1213 0 3
1214 0 8
1215 0 4
1216 0 17
1217 0 7
1218 0 3
1219 0 4
1220 0 3
1221 0 3
1222 0 1
1223 0 3
1224 0 3
1225 0 5
1226 0 4
1227 0 1
1228 0 3
1229 0 2
1230 0 2
1231 0 2
1232 0 5
1233 0 12
1234 0 4
1235 0 3
1236 0 3
1237 0 29
1238 0 3
1239 0 19
1240 0 8
1241 0 5
1242 0 3
1243 0 2
1244 0 4
1245 0 3
1246 0 4
1247 0 3
1248 0 9
1249 0 9
1250 0 3
1251 0 3
1252 0 2
1253 0 3
1254 0 2
1255 0 2
1256 0 25
1257 0 25
1258 0 19
1259 0 3
1260 0 8
1261 0 3
1262 0 3
1263 0 4
1264 0 49
1265 0 31
1266 0 5
1267 0 3
1268 0 4
1269 0 14
1270 0 4
1271 0 6
1272 0 59
1273 0 18
1274 0 8
1275 0 2
1276 0 10
1277 0 7
1278 0 24
1279 0 7
1280 23 289
1281 0 28
1282 0 7
1283 0 30
1284 0 6
1285 0 7
1286 0 4
1287 0 6
1288 0 10
1289 0 69
1290 0 6
1291 0 4
1292 0 10
1293 0 4
1294 0 4
1295 0 5
1296 0 23
1297 0 51
1298 0 4
1299 0 5
1300 0 6
1301 0 6
1302 0 4
1303 0 12
1304 0 22
1305 0 33
1306 0 4
1307 0 2
1308 0 5
1309 0 4
1310 0 3
1311 0 4
1312 0 26
1313 0 6
1314 0 2
1315 0 3
1316 0 2
1317 0 8
1318 0 1
1319 0 3
1320 0 2
1321 0 7
1322 0 13
1323 0 5
1324 0 41
1325 0 3
1326 0 3
1327 0 12
1328 0 11
1329 0 3
1330 0 2
1331 0 1
1332 0 2
1333 0 2
1334 0 1
1335 0 2
1336 0 4
1337 0 4
1338 0 4
1339 0 1
1340 0 3
1341 0 4
1342 0 2
1343 0 3
1344 0 8
1345 0 28
1346 0 4
1347 0 14
1348 0 4
1349 0 4
1350 0 2
1351 0 4
1352 0 3
1353 0 4
1354 0 5
1355 0 1
1356 0 3
1357 0 1
1358 0 2
1359 0 1
1360 0 2
1361 0 5
1362 0 2
1363 0 2
1364 0 2
1365 0 6
1366 0 2
1367 0 4
1368 0 3
1369 0 2
1370 0 2
1371 0 2
1372 0 1
1373 0 2
1374 0 2
1375 0 2
1376 0 3
1377 0 7
1378 0 3
1379 0 4
1380 0 2
1381 0 3
1382 0 2
1383 0 4
1384 0 3
1385 0 10
1386 0 44
1387 0 4
1388 0 32
1389 0 2
1390 0 3
1391 0 2
1392 0 11
1393 0 4
1394 0 2
1395 0 1
1396 0 2
1397 0 15
1398 0 2
1399 0 4
1400 0 4
1401 0 6
1402 0 3
1403 0 2
1404 0 3
1405 0 3
1406 0 4
1407 0 3
1408 0 6
1409 0 8
1410 0 4
1411 0 6
1412 0 3
1413 0 3
1414 0 2
1415 0 3
1416 0 3
1417 0 4
1418 0 2
1419 0 2
1420 0 3
1421 0 3
1422 0 1
1423 0 2
1424 0 5
1425 0 6
1426 0 2
1427 0 5
1428 0 4
1429 0 10
1430 0 4
1431 0 38
1432 0 10
1433 0 4
1434 0 4
1435 0 1
1436 0 5
1437 0 5
1438 0 5
1439 0 2
1440 0 8
1441 0 3
1442 0 2
1443 0 2
1444 0 1
1445 0 2
1446 0 1
1447 0 2
1448 0 2
1449 0 3
1450 0 3
1451 0 2
1452 0 4
1453 0 2
1454 0 2
1455 0 3
1456 0 3
1457 0 2
1458 0 2
1459 0 1
1460 0 2
1461 0 2
1462 0 2
1463 0 3
1464 0 3
1465 0 3
1466 0 3
1467 0 3
1468 0 4
1469 0 2
1470 0 8
1471 0 3
1472 0 21
1473 0 6
1474 0 3
1475 0 4
1476 0 3
1477 0 3
1478 0 1
1479 0 3
1480 0 3
1481 0 5
1482 0 5
1483 0 1
1484 0 3
1485 0 2
1486 0 2
1487 0 2
1488 0 4
1489 0 9
1490 0 3
1491 0 4
1492 0 4
1493 0 32
1494 0 5
1495 0 23
1496 0 8
1497 0 4
1498 0 4
1499 0 2
1500 0 3
1501 0 3
1502 0 6
1503 0 4
1504 0 7
1505 0 8
1506 0 3
1507 0 5
1508 0 4
1509 0 2
1510 0 2
1511 0 3
1512 0 21
1513 0 21
1514 0 13
1515 0 2
1516 0 7
1517 0 3
1518 0 3
1519 0 4
1520 0 46
1521 0 31
1522 0 3
1523 0 2
1524 0 4
1525 0 12
1526 0 4
1527 0 6
1528 0 55
1529 0 18
1530 0 9
1531 0 3
1532 0 8
1533 0 7
1534 0 24
1535 0 7
1536 23 247
1537 0 29
1538 0 7
1539 0 25
1540 0 5
1541 0 7
1542 0 4
1543 0 5
1544 0 9
1545 0 63
1546 0 9
1547 0 6
1548 0 10
1549 0 5
1550 0 4
1551 0 5
1552 0 29
1553 0 59
1554 0 4
1555 0 5
1556 0 6
1557 0 9
1558 0 5
1559 0 11
1560 0 33
1561 0 34
1562 0 5
1563 0 3
1564 0 3
1565 0 4
1566 0 3
1567 0 4
1568 0 24
1569 0 6
1570 0 3
1571 0 4
1572 0 4
1573 0 3
1574 0 1
1575 0 4
1576 0 2
1577 0 6
1578 0 12
1579 0 7
1580 0 16
1581 0 3
1582 0 3
1583 0 6
1584 0 12
1585 0 5
1586 0 2
1587 0 3
1588 0 2
1589 0 3
1590 0 1
1591 0 2
1592 0 3
1593 0 4
1594 0 3
1595 0 1
1596 0 2
1597 0 5
1598 0 3
1599 0 3
1600 0 8
1601 0 15
1602 0 3
1603 0 10
1604 0 4
1605 0 4
1606 0 2
1607 0 4
1608 0 3
1609 0 4
1610 0 8
1611 0 1
1612 0 4
1613 0 2
1614 0 1
1615 0 1
1616 0 4
1617 0 5
1618 0 2
1619 0 1
1620 0 2
1621 0 6
1622 0 2
1623 0 3
1624 0 3
1625 0 2
1626 0 2
1627 0 1
1628 0 2
1629 0 2
1630 0 3
1631 0 2
1632 0 2
1633 0 6
1634 0 3
1635 0 4
1636 0 3
1637 0 3
1638 0 1
1639 0 3
1640 0 4
1641 0 10
1642 0 27
1643 0 5
1644 0 25
1645 0 4
1646 0 3
1647 0 3
1648 0 7
1649 0 6
1650 0 1
1651 0 1
1652 0 4
1653 0 6
1654 0 2
1655 0 3
1656 0 3
1657 0 4
1658 0 3
1659 0 2
1660 0 3
1661 0 3
1662 0 4
1663 0 4
1664 0 9
1665 0 8
1666 0 3
1667 0 5
1668 0 4
1669 0 3
1670 0 1
1671 0 3
1672 0 3
1673 0 4
1674 0 2
1675 0 2
1676 0 3
1677 0 1
1678 0 1
1679 0 2
1680 0 4
1681 0 6
1682 0 3
1683 0 5
1684 0 4
1685 0 7
1686 0 2
1687 0 26
1688 0 13
1689 0 4
1690 0 3
1691 0 2
1692 0 2
1693 0 5
1694 0 3
1695 0 3
1696 0 10
1697 0 3
1698 0 1
1699 0 2
1700 0 2
1701 0 2
1702 0 2
1703 0 2
1704 0 2
1705 0 2
1706 0 4
1707 0 2
1708 0 4
1709 0 1
1710 0 2
1711 0 2
1712 0 3
1713 0 3
1714 0 2
1715 0 2
1716 0 2
1717 0 2
1718 0 2
1719 0 3
1720 0 5
1721 0 3
1722 0 4
1723 0 2
1724 0 3
1725 0 3
1726 0 5
1727 0 4
1728 0 23
1729 0 10
1730 0 2
1731 0 3
1732 0 3
1733 0 3
1734 0 2
1735 0 3
1736 0 3
1737 0 5
1738 0 5
1739 0 1
1740 0 4
1741 0 2
1742 0 2
1743 0 2
1744 0 5
1745 0 9
1746 0 2
1747 0 4
1748 0 3
1749 0 23
1750 0 4
1751 0 22
1752 0 9
1753 0 5
1754 0 4
1755 0 1
1756 0 3
1757 0 3
1758 0 4
1759 0 3
1760 0 12
1761 0 9
1762 0 3
1763 0 3
1764 0 3
1765 0 3
1766 0 2
1767 0 4
1768 0 26
1769 0 22
1770 0 9
1771 0 3
1772 0 9
1773 0 4
1774 0 3
1775 0 3
1776 0 53
1777 0 27
1778 0 4
1779 0 3
1780 0 4
1781 0 14
1782 0 4
1783 0 10
1784 0 45
1785 0 14
1786 0 10
1787 0 3
1788 0 8
1789 0 9
1790 0 13
1791 0 6
1792 21 287
1793 0 34
1794 0 11
1795 0 34
1796 0 6
1797 0 7
1798 0 3
1799 0 6
1800 0 7
1801 0 62
1802 0 8
1803 0 5
1804 0 10
1805 0 4
1806 0 3
1807 0 8
1808 0 27
1809 0 55
1810 0 4
1811 0 5
1812 0 6
1813 0 8
1814 0 5
1815 0 11
1816 0 31
1817 0 35
1818 0 4
1819 0 3
1820 0 3
1821 0 5
1822 0 3
1823 0 3
1824 0 18
1825 0 7
1826 0 4
1827 0 4
1828 0 4
1829 0 4
1830 0 2
1831 0 3
1832 0 3
1833 0 8
1834 0 14
1835 0 8
1836 0 37
1837 0 4
1838 0 3
1839 0 6
1840 0 13
1841 0 4
1842 0 3
1843 0 3
1844 0 2
1845 0 3
1846 0 2
1847 0 2
1848 0 3
1849 0 4
1850 0 4
1851 0 2
1852 0 3
1853 0 4
1854 0 3
1855 0 3
1856 0 7
1857 0 18
1858 0 4
1859 0 16
1860 0 5
1861 0 4
1862 0 2
1863 0 3
1864 0 2
1865 0 4
1866 0 5
1867 0 2
1868 0 4
1869 0 2
1870 0 2
1871 0 2
1872 0 3
1873 0 7
1874 0 2
1875 0 2
1876 0 2
1877 0 7
1878 0 2
1879 0 3
1880 0 3
1881 0 3
1882 0 3
1883 0 2
1884 0 2
1885 0 2
1886 0 3
1887 0 2
1888 0 3
1889 0 8
1890 0 4
1891 0 3
1892 0 4
1893 0 3
1894 0 2
1895 0 3
1896 0 4
1897 0 10
1898 0 30
1899 0 4
1900 0 26
1901 0 4
1902 0 3
1903 0 3
1904 0 9
1905 0 5
1906 0 2
1907 0 1
1908 0 2
1909 0 6
1910 0 2
1911 0 3
1912 0 4
1913 0 4
1914 0 3
1915 0 2
1916 0 3
1917 0 3
1918 0 3
1919 0 3
1920 0 8
1921 0 8
1922 0 3
1923 0 4
1924 0 3
1925 0 4
1926 0 1
1927 0 4
1928 0 4
1929 0 4
1930 0 2
1931 0 2
1932 0 3
1933 0 3
1934 0 1
1935 0 2
1936 0 4
1937 0 7
1938 0 3
1939 0 5
1940 0 6
1941 0 9
1942 0 3
1943 0 41
1944 0 13
1945 0 4
1946 0 6
1947 0 2
1948 0 3
1949 0 4
1950 0 5
1951 0 3
1952 0 9
1953 0 3
1954 0 2
1955 0 2
1956 0 2
1957 0 4
1958 0 2
1959 0 2
1960 0 3
1961 0 3
1962 0 3
1963 0 2
1964 0 4
1965 0 2
1966 0 2
1967 0 2
1968 0 4
1969 0 3
1970 0 2
1971 0 2
1972 0 2
1973 0 3
1974 0 2
1975 0 3
1976 0 4
1977 0 4
1978 0 3
1979 0 2
1980 0 3
1981 0 3
1982 0 14
1983 0 4
1984 0 21
1985 0 7
1986 0 3
1987 0 4
1988 0 4
1989 0 4
1990 0 2
1991 0 3
1992 0 4
1993 0 5
1994 0 4
1995 0 2
1996 0 3
1997 0 3
1998 0 2
1999 0 3
2000 0 5
2001 0 12
2002 0 3
2003 0 4
2004 0 2
2005 0 21
2006 0 4
2007 0 19
2008 0 8
2009 0 5
2010 0 4
2011 0 2
2012 0 4
2013 0 3
2014 0 6
2015 0 4
2016 0 8
2017 0 10
2018 0 3
2019 0 3
2020 0 3
2021 0 3
2022 0 2
2023 0 3
2024 0 27
2025 0 25
2026 0 9
2027 0 3
2028 0 7
2029 0 4
2030 0 4
2031 0 4
2032 0 52
2033 0 31
2034 0 3
2035 0 3
2036 0 4
2037 0 16
2038 0 5
2039 0 7
2040 0 51
2041 0 11
2042 0 11
2043 0 3
2044 0 7
2045 0 7
2046 0 14
2047 0 7
2048 19 276
2049 0 30
2050 0 7
2051 0 30
2052 0 7
2053 0 8
2054 0 2
2055 0 8
2056 0 8
2057 0 62
2058 0 6
2059 0 5
2060 0 9
2061 0 5
2062 0 2
2063 0 5
2064 0 26
2065 0 63
2066 0 4
2067 0 6
2068 0 5
2069 0 8
2070 0 5
2071 0 12
2072 0 20
2073 0 33
2074 0 4
2075 0 2
2076 0 4
2077 0 5
2078 0 4
2079 0 4
2080 0 18
2081 0 8
2082 0 3
2083 0 3
2084 0 3
2085 0 5
2086 0 2
2087 0 3
2088 0 2
2089 0 6
2090 0 16
2091 0 6
2092 0 40
2093 0 3
2094 0 2
2095 0 9
2096 0 10
2097 0 4
2098 0 2
2099 0 2
2100 0 2
2101 0 3
2102 0 1
2103 0 2
2104 0 3
2105 0 4
2106 0 2
2107 0 1
2108 0 4
2109 0 3
2110 0 4
2111 0 3
2112 0 9
2113 0 24
2114 0 3
2115 0 14
2116 0 4
2117 0 5
2118 0 2
2119 0 3
2120 0 3
2121 0 4
2122 0 5
2123 0 1
2124 0 3
2125 0 2
2126 0 2
2127 0 1
2128 0 3
2129 0 6
2130 0 2
2131 0 2
2132 0 2
2133 0 5
2134 0 2
2135 0 2
2136 0 3
2137 0 2
2138 0 2
2139 0 1
2140 0 2
2141 0 2
2142 0 2
2143 0 2
2144 0 3
2145 0 9
2146 0 3
2147 0 3
2148 0 2
2149 0 4
2150 0 2
2151 0 3
2152 0 3
2153 0 11
2154 0 38
2155 0 5
2156 0 37
2157 0 2
2158 0 3
2159 0 3
2160 0 9
2161 0 5
2162 0 2
2163 0 2
2164 0 2
2165 0 8
2166 0 2
2167 0 3
2168 0 4
2169 0 4
2170 0 3
2171 0 1
2172 0 2
2173 0 4
2174 0 4
2175 0 3
2176 0 6
2177 0 8
2178 0 3
2179 0 4
2180 0 3
2181 0 4
2182 0 2
2183 0 3
2184 0 3
2185 0 4
2186 0 2
2187 0 2
2188 0 3
2189 0 2
2190 0 2
2191 0 3
2192 0 3
2193 0 6
2194 0 3
2195 0 5
2196 0 4
2197 0 12
2198 0 4
2199 0 42
2200 0 9
2201 0 4
2202 0 3
2203 0 2
2204 0 3
2205 0 4
2206 0 5
2207 0 3
2208 0 8
2209 0 3
2210 0 2
2211 0 2
2212 0 2
2213 0 2
2214 0 1
2215 0 2
2216 0 2
2217 0 3
2218 0 2
2219 0 2
2220 0 4
2221 0 2
2222 0 2
2223 0 2
2224 0 4
2225 0 4
2226 0 1
2227 0 2
2228 0 2
2229 0 3
2230 0 2
2231 0 2
2232 0 3
2233 0 4
2234 0 3
2235 0 2
2236 0 4
2237 0 4
2238 0 14
2239 0 5
2240 0 21
2241 0 7
2242 0 4
2243 0 3
2244 0 4
2245 0 3
2246 0 1
2247 0 2
2248 0 3
2249 0 5
2250 0 5
2251 0 1
2252 0 3
2253 0 2
2254 0 3
2255 0 3
2256 0 3
2257 0 9
2258 0 2
2259 0 3
2260 0 2
2261 0 26
2262 0 4
2263 0 22
2264 0 7
2265 0 4
2266 0 3
2267 0 2
2268 0 3
2269 0 4
2270 0 5
2271 0 3
2272 0 7
2273 0 10
2274 0 3
2275 0 2
2276 0 3
2277 0 3
2278 0 2
2279 0 2
2280 0 18
2281 0 21
2282 0 11
2283 0 3
2284 0 10
2285 0 4
2286 0 4
2287 0 4
2288 0 48
2289 0 29
2290 0 3
2291 0 3
2292 0 4
2293 0 12
2294 0 4
2295 0 6
2296 0 55
2297 0 22
2298 0 8
2299 0 3
2300 0 7
2301 0 7
2302 0 23
2303 0 7
2304 21 241
2305 1 28
2306 0 14
2307 0 21
2308 0 7
2309 0 8
2310 0 4
2311 0 7
2312 0 11
2313 0 64
2314 0 8
2315 0 5
2316 0 10
2317 0 5
2318 0 4
2319 0 8
2320 0 25
2321 0 48
2322 0 4
2323 0 6
2324 0 5
2325 0 7
2326 0 6
2327 0 10
2328 0 29
2329 0 34
2330 0 4
2331 0 2
2332 0 4
2333 0 4
2334 0 3
2335 0 4
2336 0 37
2337 0 6
2338 0 4
2339 0 4
2340 0 5
2341 0 4
2342 0 2
2343 0 4
2344 0 3
2345 0 6
2346 0 6
2347 0 9
2348 0 18
2349 0 4
2350 0 3
2351 0 8
2352 0 13
2353 0 5
2354 0 2
2355 0 3
2356 0 2
2357 0 3
2358 0 2
2359 0 2
2360 0 3
2361 0 3
2362 0 3
2363 0 1
2364 0 2
2365 0 8
2366 0 5
2367 0 2
2368 0 7
2369 0 23
2370 0 3
2371 0 13
2372 0 4
2373 0 4
2374 0 2
2375 0 2
2376 0 4
2377 0 5
2378 0 4
2379 0 2
2380 0 5
2381 0 3
2382 0 2
2383 0 3
2384 0 3
2385 0 5
2386 0 2
2387 0 2
2388 0 2
2389 0 6
2390 0 2
2391 0 4
2392 0 4
2393 0 2
2394 0 2
2395 0 2
2396 0 2
2397 0 2
2398 0 2
2399 0 3
2400 0 4
2401 0 4
2402 0 3
2403 0 4
2404 0 3
2405 0 3
2406 0 1
2407 0 4
2408 0 4
2409 0 10
2410 0 23
2411 0 5
2412 0 23
2413 0 3
2414 0 3
2415 0 2
2416 0 9
2417 0 8
2418 0 2
2419 0 2
2420 0 2
2421 0 9
2422 0 2
2423 0 3
2424 0 5
2425 0 4
2426 0 5
2427 0 2
2428 0 3
2429 0 3
2430 0 4
2431 0 3
2432 0 11
2433 0 7
2434 0 4
2435 0 3
2436 0 3
2437 0 4
2438 0 2
2439 0 3
2440 0 2
2441 0 3
2442 0 3
2443 0 2
2444 0 4
2445 0 2
2446 0 1
2447 0 2
2448 0 4
2449 0 8
2450 0 2
2451 0 5
2452 0 6
2453 0 7
2454 0 3
2455 0 22
2456 0 12
2457 0 4
2458 0 3
2459 0 2
2460 0 3
2461 0 5
2462 0 4
2463 0 3
2464 0 8
2465 0 5
2466 0 2
2467 0 2
2468 0 2
2469 0 2
2470 0 2
2471 0 2
2472 0 2
2473 0 3
2474 0 3
2475 0 2
2476 0 4
2477 0 2
2478 0 1
2479 0 2
2480 0 4
2481 0 4
2482 0 2
2483 0 3
2484 0 2
2485 0 3
2486 0 2
2487 0 6
2488 0 4
2489 0 2
2490 0 3
2491 0 3
2492 0 3
2493 0 3
2494 0 6
2495 0 4
2496 0 28
2497 0 9
2498 0 3
2499 0 4
2500 0 3
2501 0 4
2502 0 1
2503 0 3
2504 0 3
2505 0 5
2506 0 5
2507 0 2
2508 0 3
2509 0 2
2510 0 2
2511 0 2
2512 0 5
2513 0 12
2514 0 3
2515 0 4
2516 0 3
2517 0 22
2518 0 4
2519 0 34
2520 0 10
2521 0 5
2522 0 3
2523 0 1
2524 0 3
2525 0 2
2526 0 3
2527 0 2
2528 0 10
2529 0 8
2530 0 4
2531 0 3
2532 0 3
2533 0 2
2534 0 2
2535 0 3
2536 0 24
2537 0 26
2538 0 8
2539 0 3
2540 0 8
2541 0 3
2542 0 3
2543 0 4
2544 0 51
2545 0 31
2546 0 4
2547 0 4
2548 0 3
2549 0 14
2550 0 5
2551 0 9
2552 0 50
2553 0 15
2554 0 10
2555 0 3
2556 0 10
2557 0 8
2558 0 14
2559 0 7
2560 23 275
2561 0 36
2562 0 14
2563 0 27
2564 0 6
2565 0 9
2566 0 5
2567 0 6
2568 0 10
2569 0 63
2570 0 8
2571 0 5
2572 0 9
2573 0 6
2574 0 3
2575 0 8
2576 0 29
2577 0 56
2578 0 4
2579 0 6
2580 0 5
2581 0 6
2582 0 5
2583 0 12
2584 0 29
2585 0 30
2586 0 5
2587 0 2
2588 0 4
2589 0 4
2590 0 3
2591 0 2
2592 0 23
2593 0 7
2594 0 3
2595 0 4
2596 0 3
2597 0 5
2598 0 2
2599 0 3
2600 0 4
2601 0 6
2602 0 9
2603 0 5
2604 0 35
2605 0 3
2606 0 3
2607 0 8
2608 0 12
2609 0 7
2610 0 2
2611 0 2
2612 0 2
2613 0 3
2614 0 2
2615 0 3
2616 0 4
2617 0 4
2618 0 3
2619 0 2
2620 0 4
2621 0 5
2622 0 2
2623 0 3
2624 0 8
2625 0 22
2626 0 5
2627 0 13
2628 0 5
2629 0 4
2630 0 2
2631 0 3
2632 0 3
2633 0 4
2634 0 4
2635 0 2
2636 0 4
2637 0 2
2638 0 3
2639 0 3
2640 0 4
2641 0 4
2642 0 2
2643 0 2
2644 0 2
2645 0 5
2646 0 2
2647 0 3
2648 0 3
2649 0 2
2650 0 2
2651 0 1
2652 0 2
2653 0 2
2654 0 2
2655 0 3
2656 0 3
2657 0 6
2658 0 4
2659 0 3
2660 0 4
2661 0 3
2662 0 2
2663 0 4
2664 0 5
2665 0 10
2666 0 31
2667 0 3
2668 0 29
2669 0 2
2670 0 4
2671 0 3
2672 0 9
2673 0 7
2674 0 3
2675 0 2
2676 0 2
2677 0 8
2678 0 3
2679 0 3
2680 0 4
2681 0 4
2682 0 4
2683 0 2
2684 0 3
2685 0 3
2686 0 3
2687 0 3
2688 0 9
2689 0 9
2690 0 4
2691 0 4
2692 0 3
2693 0 4
2694 0 2
2695 0 3
2696 0 3
2697 0 5
2698 0 3
2699 0 2
2700 0 3
2701 0 3
2702 0 2
2703 0 3
2704 0 4
2705 0 9
2706 0 4
2707 0 4
2708 0 6
2709 0 7
2710 0 4
2711 0 31
2712 0 10
2713 0 4
2714 0 3
2715 0 2
2716 0 4
2717 0 4
2718 0 4
2719 0 3
2720 0 8
2721 0 3
2722 0 2
2723 0 2
2724 0 2
2725 0 2
2726 0 1
2727 0 2
2728 0 2
2729 0 4
2730 0 3
2731 0 2
2732 0 5
2733 0 2
2734 0 2
2735 0 2
2736 0 4
2737 0 3
2738 0 2
2739 0 3
2740 0 2
2741 0 2
2742 0 2
2743 0 3
2744 0 4
2745 0 3
2746 0 2
2747 0 3
2748 0 4
2749 0 3
2750 0 12
2751 0 4
2752 0 21
2753 0 7
2754 0 3
2755 0 3
2756 0 3
2757 0 3
2758 0 2
2759 0 2
2760 0 3
2761 0 6
2762 0 5
2763 0 2
2764 0 3
2765 0 2
2766 0 3
2767 0 3
2768 0 5
2769 0 10
2770 0 3
2771 0 4
2772 0 3
2773 0 18
2774 0 3
2775 0 28
2776 0 8
2777 0 5
2778 0 4
2779 0 2
2780 0 3
2781 0 4
2782 0 6
2783 0 4
2784 0 9
2785 0 8
2786 0 3
2787 0 3
2788 0 4
2789 0 3
2790 0 2
2791 0 3
2792 0 26
2793 0 25
2794 0 9
2795 0 3
2796 0 7
2797 0 4
2798 0 4
2799 0 5
2800 0 48
2801 0 27
2802 0 3
2803 0 2
2804 0 5
2805 0 15
2806 0 4
2807 0 7
2808 0 52
2809 0 16
2810 0 8
2811 0 5
2812 0 8
2813 0 7
2814 0 14
2815 0 8
2816 22 287
2817 0 29
2818 0 7
2819 0 30
2820 0 7
2821 0 8
2822 0 3
2823 0 6
2824 0 10
2825 0 65
2826 0 7
2827 0 5
2828 0 9
2829 0 5
2830 0 2
2831 0 8
2832 0 30
2833 0 60
2834 0 6
2835 0 5
2836 0 5
2837 0 8
2838 0 4
2839 0 11
2840 0 30
2841 0 29
2842 0 4
2843 0 2
2844 0 3
2845 0 4
2846 0 4
2847 0 4
2848 0 17
2849 0 6
2850 0 2
2851 0 5
2852 0 3
2853 0 7
2854 0 2
2855 0 3
2856 0 2
2857 0 9
2858 0 12
2859 0 5
2860 0 36
2861 0 3
2862 0 3
2863 0 11
2864 0 9
2865 0 7
2866 0 2
2867 0 2
2868 0 2
2869 0 3
2870 0 3
2871 0 3
2872 0 3
2873 0 4
2874 0 4
2875 0 2
2876 0 4
2877 0 5
2878 0 2
2879 0 3
2880 0 9
2881 0 30
2882 0 4
2883 0 16
2884 0 3
2885 0 4
2886 0 3
2887 0 3
2888 0 3
2889 0 4
2890 0 6
2891 0 2
2892 0 3
2893 0 2
2894 0 3
2895 0 1
2896 0 3
2897 0 5
2898 0 2
2899 0 2
2900 0 2
2901 0 5
2902 0 2
2903 0 3
2904 0 3
2905 0 2
2906 0 2
2907 0 2
2908 0 3
2909 0 2
2910 0 2
2911 0 2
2912 0 3
2913 0 9
2914 0 3
2915 0 3
2916 0 2
2917 0 5
2918 0 1
2919 0 3
2920 0 2
2921 0 11
2922 0 42
2923 0 3
2924 0 33
2925 0 2
2926 0 4
2927 0 2
2928 0 7
2929 0 7
2930 0 2
2931 0 2
2932 0 2
2933 0 10
2934 0 3
2935 0 3
2936 0 5
2937 0 4
2938 0 4
2939 0 2
2940 0 2
2941 0 3
2942 0 4
2943 0 4
2944 0 9
2945 0 11
2946 0 4
2947 0 5
2948 0 2
2949 0 4
2950 0 2
2951 0 4
2952 0 3
2953 0 4
2954 0 4
2955 0 2
2956 0 3
2957 0 2
2958 0 3
2959 0 2
2960 0 4
2961 0 8
2962 0 3
2963 0 6
2964 0 4
2965 0 7
2966 0 2
2967 0 37
2968 0 13
2969 0 5
2970 0 4
2971 0 3
2972 0 3
2973 0 4
2974 0 4
2975 0 3
2976 0 9
2977 0 4
2978 0 2
2979 0 2
2980 0 2
2981 0 2
2982 0 1
2983 0 1
2984 0 2
2985 0 3
2986 0 3
2987 0 2
2988 0 3
2989 0 1
2990 0 2
2991 0 2
2992 0 5
2993 0 2
2994 0 1
2995 0 3
2996 0 2
2997 0 4
2998 0 2
2999 0 4
3000 0 4
3001 0 4
3002 0 2
3003 0 2
3004 0 4
3005 0 3
3006 0 14
3007 0 4
3008 0 21
3009 0 6
3010 0 3
3011 0 4
3012 0 3
3013 0 4
3014 0 2
3015 0 3
3016 0 3
3017 0 4
3018 0 5
3019 0 2
3020 0 3
3021 0 2
3022 0 4
3023 0 3
3024 0 5
3025 0 9
3026 0 3
3027 0 4
3028 0 3
3029 0 27
3030 0 4
3031 0 22
3032 0 8
3033 0 4
3034 0 4
3035 0 2
3036 0 3
3037 0 4
3038 0 4
3039 0 3
3040 0 9
3041 0 10
3042 0 3
3043 0 3
3044 0 4
3045 0 3
3046 0 2
3047 0 3
3048 0 23
3049 0 19
3050 0 11
3051 0 3
3052 0 7
3053 0 6
3054 0 3
3055 0 3
3056 0 58
3057 0 50
3058 0 4
3059 0 3
3060 0 3
3061 0 11
3062 0 3
3063 0 7
3064 0 63
3065 0 19
3066 0 7
3067 0 3
3068 0 9
3069 0 8
3070 0 22
3071 0 9
3072 23 261
3073 2 31
3074 0 10
3075 0 20
3076 0 9
3077 0 7
3078 0 4
3079 0 6
3080 0 12
3081 0 64
3082 0 7
3083 0 6
3084 0 11
3085 0 4
3086 0 4
3087 0 6
3088 0 29
3089 0 56
3090 0 4
3091 0 6
3092 0 4
3093 0 7
3094 0 3
3095 0 12
3096 0 28
3097 0 37
3098 0 4
3099 0 2
3100 0 4
3101 0 3
3102 0 3
3103 0 5
3104 0 36
3105 0 9
3106 0 5
3107 0 6
3108 0 4
3109 0 3
3110 0 1
3111 0 3
3112 0 2
3113 0 7
3114 0 8
3115 0 7
3116 0 27
3117 0 3
3118 0 2
3119 0 6
3120 0 12
3121 0 5
3122 0 2
3123 0 2
3124 0 2
3125 0 3
3126 0 2
3127 0 3
3128 0 4
3129 0 4
3130 0 4
3131 0 2
3132 0 3
3133 0 7
3134 0 3
3135 0 3
3136 0 7
3137 0 34
3138 0 4
3139 0 13
3140 0 4
3141 0 7
3142 0 2
3143 0 3
3144 0 3
3145 0 5
3146 0 4
3147 0 2
3148 0 4
3149 0 3
3150 0 3
3151 0 2
3152 0 3
3153 0 4
3154 0 2
3155 0 2
3156 0 2
3157 0 7
3158 0 2
3159 0 3
3160 0 3
3161 0 2
3162 0 2
3163 0 2
3164 0 2
3165 0 3
3166 0 3
3167 0 3
3168 0 3
3169 0 7
3170 0 4
3171 0 3
3172 0 3
3173 0 3
3174 0 1
3175 0 4
3176 0 3
3177 0 8
3178 0 22
3179 0 4
3180 0 23
3181 0 4
3182 0 3
3183 0 3
3184 0 7
3185 0 5
3186 0 2
3187 0 2
3188 0 3
3189 0 6
3190 0 2
3191 0 3
3192 0 6
3193 0 5
3194 0 4
3195 0 2
3196 0 3
3197 0 2
3198 0 5
3199 0 4
3200 0 8
3201 0 9
3202 0 4
3203 0 4
3204 0 3
3205 0 4
3206 0 2
3207 0 4
3208 0 3
3209 0 5
3210 0 3
3211 0 2
3212 0 4
3213 0 2
3214 0 1
3215 0 2
3216 0 5
3217 0 8
3218 0 2
3219 0 6
3220 0 6
3221 0 8
3222 0 2
3223 0 36
3224 0 11
3225 0 4
3226 0 3
3227 0 2
3228 0 4
3229 0 5
3230 0 3
3231 0 3
3232 0 9
3233 0 4
3234 0 2
3235 0 3
3236 0 2
3237 0 3
3238 0 1
3239 0 2
3240 0 2
3241 0 3
3242 0 3
3243 0 2
3244 0 4
3245 0 1
3246 0 2
3247 0 2
3248 0 4
3249 0 4
3250 0 1
3251 0 2
3252 0 2
3253 0 5
3254 0 2
3255 0 4
3256 0 4
3257 0 3
3258 0 4
3259 0 2
3260 0 3
3261 0 3
3262 0 6
3263 0 4
3264 0 29
3265 0 8
3266 0 2
3267 0 5
3268 0 4
3269 0 5
3270 0 1
3271 0 3
3272 0 3
3273 0 6
3274 0 5
3275 0 1
3276 0 3
3277 0 2
3278 0 2
3279 0 2
3280 0 4
3281 0 11
3282 0 2
3283 0 4
3284 0 3
3285 0 22
3286 0 4
3287 0 25
3288 0 10
3289 0 3
3290 0 3
3291 0 1
3292 0 2
3293 0 3
3294 0 4
3295 0 4
3296 0 8
3297 0 8
3298 0 3
3299 0 3
3300 0 3
3301 0 3
3302 0 2
3303 0 3
3304 0 29
3305 0 26
3306 0 8
3307 0 3
3308 0 9
3309 0 4
3310 0 3
3311 0 6
3312 0 53
3313 0 20
3314 0 5
3315 0 3
3316 0 3
3317 0 16
3318 0 5
3319 0 11
3320 0 59
3321 0 14
3322 0 7
3323 0 3
3324 0 8
3325 0 8
3326 0 13
3327 0 8
3328 24 216
3329 0 32
3330 0 12
3331 0 28
3332 0 7
3333 0 9
3334 0 5
3335 0 7
3336 0 11
3337 0 58
3338 0 7
3339 0 5
3340 0 12
3341 0 4
3342 0 2
3343 0 6
3344 0 27
3345 0 59
3346 0 4
3347 0 5
3348 0 5
3349 0 7
3350 0 3
3351 0 10
3352 0 21
3353 0 34
3354 0 4
3355 0 2
3356 0 4
3357 0 4
3358 0 2
3359 0 4
3360 0 25
3361 0 9
3362 0 5
3363 0 5
3364 0 4
3365 0 4
3366 0 2
3367 0 4
3368 0 3
3369 0 7
3370 0 13
3371 0 7
3372 0 30
3373 0 4
3374 0 2
3375 0 9
3376 0 14
3377 0 5
3378 0 2
3379 0 2
3380 0 2
3381 0 3
3382 0 2
3383 0 4
3384 0 5
3385 0 4
3386 0 3
3387 0 2
3388 0 4
3389 0 7
3390 0 3
3391 0 2
3392 0 7
3393 0 25
3394 0 6
3395 0 9
3396 0 4
3397 0 4
3398 0 2
3399 0 3
3400 0 4
3401 0 5
3402 0 6
3403 0 2
3404 0 5
3405 0 2
3406 0 3
3407 0 2
3408 0 4
3409 0 5
3410 0 2
3411 0 3
3412 0 2
3413 0 6
3414 0 2
3415 0 4
3416 0 2
3417 0 3
3418 0 2
3419 0 2
3420 0 3
3421 0 3
3422 0 3
3423 0 3
3424 0 3
3425 0 8
3426 0 3
3427 0 3
3428 0 2
3429 0 3
3430 0 2
3431 0 6
3432 0 4
3433 0 9
3434 0 28
3435 0 3
3436 0 31
3437 0 2
3438 0 4
3439 0 3
3440 0 7
3441 0 8
3442 0 2
3443 0 2
3444 0 2
3445 0 9
3446 0 3
3447 0 3
3448 0 6
3449 0 3
3450 0 3
3451 0 2
3452 0 4
3453 0 3
3454 0 5
3455 0 4
3456 0 9
3457 0 9
3458 0 4
3459 0 6
3460 0 2
3461 0 5
3462 0 3
3463 0 5
3464 0 4
3465 0 5
3466 0 2
3467 0 2
3468 0 5
3469 0 2
3470 0 2
3471 0 2
3472 0 5
3473 0 8
3474 0 3
3475 0 6
3476 0 7
3477 0 8
3478 0 3
3479 0 28
3480 0 11
3481 0 4
3482 0 5
3483 0 4
3484 0 6
3485 0 3
3486 0 3
3487 0 3
3488 0 10
3489 0 3
3490 0 2
3491 0 3
3492 0 2
3493 0 2
3494 0 1
3495 0 2
3496 0 2
3497 0 3
3498 0 2
3499 0 3
3500 0 4
3501 0 2
3502 0 2
3503 0 2
3504 0 3
3505 0 3
3506 0 2
3507 0 3
3508 0 2
3509 0 3
3510 0 1
3511 0 3
3512 0 3
3513 0 3
3514 0 3
3515 0 2
3516 0 5
3517 0 2
3518 0 10
3519 0 5
3520 0 19
3521 0 9
3522 0 3
3523 0 4
3524 0 2
3525 0 3
3526 0 1
3527 0 3
3528 0 3
3529 0 5
3530 0 4
3531 0 2
3532 0 3
3533 0 2
3534 0 3
3535 0 3
3536 0 5
3537 0 10
3538 0 2
3539 0 4
3540 0 3
3541 0 23
3542 0 4
3543 0 27
3544 0 8
3545 0 5
3546 0 3
3547 0 1
3548 0 3
3549 0 3
3550 0 4
3551 0 4
3552 0 10
3553 0 9
3554 0 3
3555 0 4
3556 0 3
3557 0 3
3558 0 2
3559 0 3
3560 0 29
3561 0 26
3562 0 9
3563 0 3
3564 0 8
3565 0 4
3566 0 4
3567 0 4
3568 0 52
3569 0 32
3570 0 4
3571 0 4
3572 0 4
3573 0 16
3574 0 4
3575 0 8
3576 0 59
3577 0 13
3578 0 7
3579 0 5
3580 0 9
3581 0 8
3582 0 18
3583 0 10
3584 20 235
3585 0 30
3586 0 9
3587 0 35
3588 0 7
3589 0 11
3590 0 4
3591 0 7
3592 0 13
3593 0 61
3594 0 7
3595 0 6
3596 0 10
3597 0 6
3598 0 2
3599 0 6
3600 0 28
3601 0 58
3602 0 5
3603 0 7
3604 0 5
3605 0 9
3606 0 3
3607 0 13
3608 0 24
3609 0 29
3610 0 4
3611 0 2
3612 0 4
3613 0 4
3614 0 3
3615 0 4
3616 0 23
3617 0 8
3618 0 3
3619 0 5
3620 0 3
3621 0 7
3622 0 2
3623 0 3
3624 0 5
3625 0 10
3626 0 13
3627 0 7
3628 0 37
3629 0 4
3630 0 2
3631 0 14
3632 0 11
3633 0 5
3634 0 2
3635 0 2
3636 0 2
3637 0 3
3638 0 2
3639 0 4
3640 0 4
3641 0 6
3642 0 4
3643 0 2
3644 0 3
3645 0 5
3646 0 3
3647 0 2
3648 0 7
3649 0 29
3650 0 5
3651 0 14
3652 0 4
3653 0 4
3654 0 4
3655 0 4
3656 0 4
3657 0 4
3658 0 6
3659 0 2
3660 0 3
3661 0 2
3662 0 3
3663 0 2
3664 0 3
3665 0 5
3666 0 2
3667 0 2
3668 0 2
3669 0 4
3670 0 2
3671 0 3
3672 0 3
3673 0 2
3674 0 3
3675 0 2
3676 0 2
3677 0 3
3678 0 2
3679 0 2
3680 0 3
3681 0 9
3682 0 5
3683 0 4
3684 0 3
3685 0 3
3686 0 1
3687 0 5
3688 0 4
3689 0 10
3690 0 30
3691 0 3
3692 0 30
3693 0 3
3694 0 3
3695 0 3
3696 0 8
3697 0 7
3698 0 2
3699 0 2
3700 0 2
3701 0 13
3702 0 3
3703 0 3
3704 0 5
3705 0 3
3706 0 3
3707 0 2
3708 0 3
3709 0 3
3710 0 5
3711 0 3
3712 0 8
3713 0 9
3714 0 3
3715 0 6
3716 0 3
3717 0 4
3718 0 1
3719 0 4
3720 0 3
3721 0 4
3722 0 4
3723 0 2
3724 0 2
3725 0 4
3726 0 2
3727 0 2
3728 0 6
3729 0 8
3730 0 3
3731 0 8
3732 0 4
3733 0 8
3734 0 2
3735 0 36
3736 0 12
3737 0 7
3738 0 6
3739 0 2
3740 0 3
3741 0 4
3742 0 3
3743 0 4
3744 0 10
3745 0 3
3746 0 3
3747 0 3
3748 0 2
3749 0 2
3750 0 3
3751 0 2
3752 0 2
3753 0 5
3754 0 4
3755 0 3
3756 0 4
3757 0 2
3758 0 2
3759 0 2
3760 0 3
3761 0 3
3762 0 2
3763 0 3
3764 0 1
3765 0 3
3766 0 2
3767 0 4
3768 0 4
3769 0 2
3770 0 2
3771 0 3
3772 0 5
3773 0 2
3774 0 10
3775 0 4
3776 0 29
3777 0 6
3778 0 2
3779 0 4
3780 0 2
3781 0 3
3782 0 3
3783 0 3
3784 0 3
3785 0 6
3786 0 4
3787 0 2
3788 0 3
3789 0 3
3790 0 2
3791 0 2
3792 0 5
3793 0 10
3794 0 3
3795 0 3
3796 0 3
3797 0 27
3798 0 4
3799 0 20
3800 0 8
3801 0 3
3802 0 4
3803 0 2
3804 0 4
3805 0 4
3806 0 4
3807 0 3
3808 0 8
3809 0 9
3810 0 3
3811 0 4
3812 0 4
3813 0 3
3814 0 2
3815 0 2
3816 0 26
3817 0 29
3818 0 13
3819 0 2
3820 0 8
3821 0 4
3822 0 4
3823 0 3
3824 0 53
3825 0 52
3826 0 4
3827 0 3
3828 0 5
3829 0 13
3830 0 4
3831 0 9
3832 0 64
3833 0 20
3834 0 8
3835 0 3
3836 0 8
3837 0 7
3838 0 19
3839 0 8
3840 20 239
3841 0 30
3842 0 10
3843 0 21
3844 0 6
3845 0 7
3846 0 4
3847 0 7
3848 0 11
3849 0 64
3850 0 7
3851 0 7
3852 0 10
3853 0 4
3854 0 3
3855 0 6
3856 0 32
3857 0 58
3858 0 4
3859 0 5
3860 0 7
3861 0 9
3862 0 2
3863 0 12
3864 0 30
3865 0 36
3866 0 3
3867 0 2
3868 0 4
3869 0 4
3870 0 3
3871 0 4
3872 0 32
3873 0 6
3874 0 3
3875 0 5
3876 0 6
3877 0 5
3878 0 2
3879 0 3
3880 0 2
3881 0 5
3882 0 9
3883 0 7
3884 0 22
3885 0 3
3886 0 4
3887 0 8
3888 0 11
3889 0 5
3890 0 2
3891 0 2
3892 0 4
3893 0 2
3894 0 3
3895 0 3
3896 0 5
3897 0 3
3898 0 5
3899 0 2
3900 0 4
3901 0 6
3902 0 3
3903 0 3
3904 0 9
3905 0 28
3906 0 5
3907 0 10
3908 0 5
3909 0 4
3910 0 2
3911 0 3
3912 0 3
3913 0 5
3914 0 5
3915 0 2
3916 0 4
3917 0 3
3918 0 3
3919 0 2
3920 0 3
3921 0 5
3922 0 2
3923 0 2
3924 0 2
3925 0 6
3926 0 2
3927 0 3
3928 0 3
3929 0 3
3930 0 1
3931 0 1
3932 0 1
3933 0 2
3934 0 3
3935 0 2
3936 0 3
3937 0 7
3938 0 6
3939 0 3
3940 0 2
3941 0 3
3942 0 1
3943 0 3
3944 0 3
3945 0 14
3946 0 25
3947 0 3
3948 0 33
3949 0 2
3950 0 6
3951 0 3
3952 0 8
3953 0 4
3954 0 2
3955 0 2
3956 0 2
3957 0 6
3958 0 1
3959 0 3
3960 0 7
3961 0 4
3962 0 3
3963 0 1
3964 0 2
3965 0 4
3966 0 6
3967 0 4
3968 0 8
3969 0 12
3970 0 3
3971 0 4
3972 0 2
3973 0 4
3974 0 2
3975 0 4
3976 0 3
3977 0 4
3978 0 2
3979 0 2
3980 0 4
3981 0 2
3982 0 3
3983 0 2
3984 0 5
3985 0 12
3986 0 2
3987 0 8
3988 0 8
3989 0 9
3990 0 2
3991 0 36
3992 0 11
3993 0 4
3994 0 4
3995 0 2
3996 0 3
3997 0 5
3998 0 4
3999 0 2
4000 0 8
4001 0 3
4002 0 1
4003 0 2
4004 0 2
4005 0 2
4006 0 1
4007 0 2
4008 0 2
4009 0 3
4010 0 3
4011 0 2
4012 0 4
4013 0 1
4014 0 1
4015 0 2
4016 0 5
4017 0 3
4018 0 1
4019 0 4
4020 0 2
4021 0 3
4022 0 2
4023 0 5
4024 0 3
4025 0 3
4026 0 5
4027 0 3
4028 0 4
4029 0 3
4030 0 6
4031 0 6
4032 0 23
4033 0 7
4034 0 3
4035 0 6
4036 0 3
4037 0 5
4038 0 1
4039 0 3
4040 0 3
4041 0 7
4042 0 7
4043 0 1
4044 0 3
4045 0 3
4046 0 2
4047 0 2
4048 0 4
4049 0 11
4050 0 2
4051 0 3
4052 0 5
4053 0 25
4054 0 4
4055 0 28
4056 0 8
4057 0 3
4058 0 2
4059 0 1
4060 0 2
4061 0 3
4062 0 6
4063 0 3
4064 0 8
4065 0 9
4066 0 2
4067 0 4
4068 0 2
4069 0 3
4070 0 3
4071 0 3
4072 0 23
4073 0 28
4074 0 12
4075 0 3
4076 0 10
4077 0 7
4078 0 5
4079 0 5
4080 0 53
4081 0 25
4082 0 4
4083 0 4
4084 0 5
4085 0 14
4086 0 4
4087 0 10
4088 0 61
4089 0 20
4090 0 8
4091 0 4
4092 0 8
4093 0 9
4094 0 18
4095 0 7
4096 21 205
4097 1 31
4098 0 10
4099 0 24
4100 0 8
4101 0 9
4102 0 4
4103 0 8
4104 0 10
4105 0 62
4106 0 7
4107 0 5
4108 0 11
4109 0 6
4110 0 3
4111 0 6
4112 0 37
4113 0 62
4114 0 3
4115 0 6
4116 0 5
4117 0 8
4118 0 2
4119 0 13
4120 0 39
4121 0 33
4122 0 3
4123 0 2
4124 0 5
4125 0 4
4126 0 3
4127 0 4
4128 0 30
4129 0 8
4130 0 3
4131 0 6
4132 0 4
4133 0 3
4134 0 1
4135 0 3
4136 0 3
4137 0 8
4138 0 11
4139 0 7
4140 0 24
4141 0 3
4142 0 3
4143 0 10
4144 0 16
4145 0 4
4146 0 2
4147 0 2
4148 0 2
4149 0 2
4150 0 3
4151 0 3
4152 0 6
4153 0 5
4154 0 4
4155 0 1
4156 0 3
4157 0 5
4158 0 3
4159 0 2
4160 0 8
4161 0 25
4162 0 7
4163 0 13
4164 0 4
4165 0 4
4166 0 3
4167 0 3
4168 0 3
4169 0 4
4170 0 6
4171 0 1
4172 0 3
4173 0 2
4174 0 3
4175 0 2
4176 0 3
4177 0 4
4178 0 2
4179 0 1
4180 0 1
4181 0 5
4182 0 3
4183 0 4
4184 0 2
4185 0 2
4186 0 1
4187 0 1
4188 0 2
4189 0 2
4190 0 4
4191 0 3
4192 0 3
4193 0 8
4194 0 5
4195 0 4
4196 0 3
4197 0 3
4198 0 1
4199 0 4
4200 0 4
4201 0 9
4202 0 30
4203 0 5
4204 0 22
4205 0 3
4206 0 5
4207 0 3
4208 0 9
4209 0 9
4210 0 2
4211 0 2
4212 0 3
4213 0 10
4214 0 3
4215 0 3
4216 0 6
4217 0 3
4218 0 3
4219 0 2
4220 0 3
4221 0 3
4222 0 5
4223 0 3
4224 0 8
4225 0 9
4226 0 4
4227 0 7
4228 0 3
4229 0 3
4230 0 2
4231 0 3
4232 0 4
4233 0 4
4234 0 3
4235 0 2
4236 0 3
4237 0 2
4238 0 2
4239 0 2
4240 0 4
4241 0 7
4242 0 3
4243 0 8
4244 0 5
4245 0 9
4246 0 2
4247 0 25
4248 0 9
4249 0 4
4250 0 3
4251 0 2
4252 0 2
4253 0 2
4254 0 4
4255 0 4
4256 0 8
4257 0 3
4258 0 2
4259 0 3
4260 0 2
4261 0 2
4262 0 1
4263 0 1
4264 0 2
4265 0 4
4266 0 2
4267 0 2
4268 0 4
4269 0 2
4270 0 2
4271 0 2
4272 0 4
4273 0 2
4274 0 1
4275 0 3
4276 0 2
4277 0 3
4278 0 1
4279 0 5
4280 0 4
4281 0 3
4282 0 2
4283 0 3
4284 0 4
4285 0 3
4286 0 6
4287 0 6
4288 0 17
4289 0 7
4290 0 2
4291 0 6
4292 0 3
4293 0 5
4294 0 1
4295 0 4
4296 0 3
4297 0 5
4298 0 4
4299 0 2
4300 0 3
4301 0 3
4302 0 2
4303 0 2
4304 0 4
4305 0 10
4306 0 2
4307 0 4
4308 0 3
4309 0 33
4310 0 4
4311 0 23
4312 0 8
4313 0 4
4314 0 3
4315 0 1
4316 0 3
4317 0 3
4318 0 5
4319 0 3
4320 0 8
4321 0 11
4322 0 3
4323 0 3
4324 0 3
4325 0 3
4326 0 3
4327 0 2
4328 0 23
4329 0 29
4330 0 12
4331 0 3
4332 0 9
4333 0 6
4334 0 5
4335 0 4
4336 0 51
4337 0 31
4338 0 5
4339 0 5
4340 0 4
4341 0 16
4342 0 4
4343 0 8
4344 0 61
4345 0 19
4346 0 7
4347 0 4
4348 0 8
4349 0 9
4350 0 24
4351 0 9
4352 15 215
4353 2 31
4354 0 7
4355 0 27
4356 0 7
4357 0 8
4358 0 3
4359 0 8
4360 0 8
4361 0 59
4362 0 7
4363 0 4
4364 0 11
4365 0 8
4366 0 3
4367 0 8
4368 0 30
4369 0 56
4370 0 5
4371 0 5
4372 0 4
4373 0 7
4374 0 3
4375 0 14
4376 0 35
4377 0 32
4378 0 3
4379 0 2
4380 0 3
4381 0 4
4382 0 2
4383 0 4
4384 0 29
4385 0 10
4386 0 4
4387 0 4
4388 0 3
4389 0 5
4390 0 2
4391 0 3
4392 0 5
4393 0 7
4394 0 12
4395 0 7
4396 0 29
4397 0 4
4398 0 2
4399 0 11
4400 0 11
4401 0 5
4402 0 2
4403 0 1
4404 0 2
4405 0 3
4406 0 2
4407 0 3
4408 0 9
4409 0 3
4410 0 3
4411 0 2
4412 0 3
4413 0 5
4414 0 3
4415 0 3
4416 0 7
4417 0 29
4418 0 6
4419 0 16
4420 0 4
4421 0 5
4422 0 2
4423 0 3
4424 0 3
4425 0 4
4426 0 8
4427 0 1
4428 0 4
4429 0 2
4430 0 2
4431 0 1
4432 0 4
4433 0 5
4434 0 2
4435 0 2
4436 0 2
4437 0 6
4438 0 3
4439 0 3
4440 0 3
4441 0 2
4442 0 4
4443 0 2
4444 0 2
4445 0 2
4446 0 4
4447 0 2
4448 0 3
4449 0 8
4450 0 4
4451 0 3
4452 0 3
4453 0 3
4454 0 1
4455 0 4
4456 0 4
4457 0 9
4458 0 40
4459 0 4
4460 0 34
4461 0 3
4462 0 4
4463 0 3
4464 0 8
4465 0 10
4466 0 2
4467 0 1
4468 0 3
4469 0 11
4470 0 4
4471 0 3
4472 0 3
4473 0 4
4474 0 2
4475 0 2
4476 0 3
4477 0 3
4478 0 6
4479 0 3
4480 0 7
4481 0 8
4482 0 3
4483 0 7
4484 0 3
4485 0 4
4486 0 2
4487 0 4
4488 0 4
4489 0 5
4490 0 2
4491 0 2
4492 0 3
4493 0 2
4494 0 1
4495 0 2
4496 0 6
4497 0 7
4498 0 2
4499 0 7
4500 0 4
4501 0 9
4502 0 3
4503 0 29
4504 0 10
4505 0 7
4506 0 3
4507 0 3
4508 0 2
4509 0 3
4510 0 3
4511 0 3
4512 0 7
4513 0 6
4514 0 3
4515 0 2
4516 0 1
4517 0 1
4518 0 1
4519 0 1
4520 0 2
4521 0 4
4522 0 2
4523 0 3
4524 0 3
4525 0 2
4526 0 2
4527 0 2
4528 0 4
4529 0 3
4530 0 1
4531 0 2
4532 0 1
4533 0 3
4534 0 2
4535 0 3
4536 0 4
4537 0 2
4538 0 3
4539 0 3
4540 0 7
4541 0 2
4542 0 6
4543 0 5
4544 0 21
4545 0 7
4546 0 3
4547 0 4
4548 0 2
4549 0 3
4550 0 2
4551 0 4
4552 0 3
4553 0 6
4554 0 4
4555 0 2
4556 0 3
4557 0 4
4558 0 2
4559 0 2
4560 0 4
4561 0 10
4562 0 2
4563 0 4
4564 0 2
4565 0 26
4566 0 4
4567 0 20
4568 0 7
4569 0 3
4570 0 3
4571 0 3
4572 0 4
4573 0 3
4574 0 6
4575 0 3
4576 0 7
4577 0 11
4578 0 4
4579 0 4
4580 0 3
4581 0 3
4582 0 2
4583 0 3
4584 0 20
4585 0 31
4586 0 12
4587 0 3
4588 0 8
4589 0 3
4590 0 3
4591 0 5
4592 0 52
4593 0 33
4594 0 4
4595 0 3
4596 0 4
4597 0 16
4598 0 5
4599 0 9
4600 0 63
4601 0 17
4602 0 8
4603 0 3
4604 0 9
4605 0 8
4606 0 21
4607 0 8
4608 20 220
4609 2 39
4610 0 8
4611 0 24
4612 0 7
4613 0 10
4614 0 5
4615 0 9
4616 0 11
4617 0 61
4618 0 6
4619 0 5
4620 0 9
4621 0 4
4622 0 2
4623 0 6
4624 0 57
4625 0 58
4626 0 4
4627 0 6
4628 0 7
4629 0 12
4630 0 2
4631 0 13
4632 0 41
4633 0 33
4634 0 3
4635 0 2
4636 0 4
4637 0 3
4638 0 3
4639 0 4
4640 0 38
4641 0 7
4642 0 3
4643 0 6
4644 0 3
4645 0 5
4646 0 2
4647 0 2
4648 0 3
4649 0 7
4650 0 8
4651 0 7
4652 0 27
4653 0 3
4654 0 3
4655 0 6
4656 0 11
4657 0 4
4658 0 2
4659 0 2
4660 0 6
4661 0 3
4662 0 2
4663 0 3
4664 0 5
4665 0 4
4666 0 5
4667 0 1
4668 0 3
4669 0 10
4670 0 3
4671 0 3
4672 0 7
4673 0 19
4674 0 5
4675 0 10
4676 0 4
4677 0 7
4678 0 2
4679 0 3
4680 0 3
4681 0 5
4682 0 5
4683 0 2
4684 0 4
4685 0 2
4686 0 3
4687 0 2
4688 0 3
4689 0 6
4690 0 2
4691 0 2
4692 0 2
4693 0 5
4694 0 3
4695 0 4
4696 0 3
4697 0 2
4698 0 1
4699 0 1
4700 0 1
4701 0 2
4702 0 2
4703 0 2
4704 0 3
4705 0 6
4706 0 3
4707 0 4
4708 0 2
4709 0 2
4710 0 1
4711 0 3
4712 0 3
4713 0 9
4714 0 23
4715 0 4
4716 0 24
4717 0 3
4718 0 4
4719 0 3
4720 0 9
4721 0 5
4722 0 2
4723 0 2
4724 0 2
4725 0 6
4726 0 2
4727 0 3
4728 0 9
4729 0 4
4730 0 3
4731 0 1
4732 0 3
4733 0 3
4734 0 6
4735 0 3
4736 0 7
4737 0 17
4738 0 3
4739 0 5
4740 0 3
4741 0 4
4742 0 2
4743 0 3
4744 0 2
4745 0 8
4746 0 3
4747 0 1
4748 0 4
4749 0 2
4750 0 2
4751 0 2
4752 0 5
4753 0 10
4754 0 3
4755 0 8
4756 0 6
4757 0 9
4758 0 4
4759 0 25
4760 0 11
4761 0 4
4762 0 3
4763 0 1
4764 0 4
4765 0 5
4766 0 4
4767 0 3
4768 0 10
4769 0 5
4770 0 2
4771 0 2
4772 0 2
4773 0 2
4774 0 2
4775 0 1
4776 0 2
4777 0 3
4778 0 3
4779 0 2
4780 0 4
4781 0 2
4782 0 2
4783 0 1
4784 0 4
4785 0 4
4786 0 2
4787 0 2
4788 0 1
4789 0 3
4790 0 1
4791 0 5
4792 0 5
4793 0 3
4794 0 2
4795 0 4
4796 0 6
4797 0 3
4798 0 7
4799 0 5
4800 0 23
4801 0 7
4802 0 3
4803 0 4
4804 0 3
4805 0 3
4806 0 1
4807 0 3
4808 0 3
4809 0 5
4810 0 5
4811 0 2
4812 0 4
4813 0 3
4814 0 2
4815 0 3
4816 0 4
4817 0 9
4818 0 4
4819 0 3
4820 0 3
4821 0 23
4822 0 4
4823 0 19
4824 0 11
4825 0 5
4826 0 3
4827 0 3
4828 0 3
4829 0 3
4830 0 6
4831 0 4
4832 0 9
4833 0 7
4834 0 2
4835 0 3
4836 0 3
4837 0 3
4838 0 2
4839 0 4
4840 0 23
4841 0 45
4842 0 9
4843 0 3
4844 0 9
4845 0 6
4846 0 4
4847 0 9
4848 0 61
4849 0 42
4850 0 3
4851 0 4
4852 0 3
4853 0 14
4854 0 5
4855 0 9
4856 0 61
4857 0 19
4858 0 7
4859 0 4
4860 0 10
4861 0 8
4862 0 17
4863 0 7
4864 16 220
4865 0 31
4866 0 9
4867 0 28
4868 0 7
4869 0 8
4870 0 4
4871 0 8
4872 0 10
4873 0 59
4874 0 7
4875 0 5
4876 0 11
4877 0 7
4878 0 2
4879 0 7
4880 0 52
4881 0 62
4882 0 4
4883 0 5
4884 0 7
4885 0 9
4886 0 3
4887 0 12
4888 0 55
4889 0 32
4890 0 3
4891 0 2
4892 0 4
4893 0 4
4894 0 3
4895 0 4
4896 0 29
4897 0 8
4898 0 3
4899 0 6
4900 0 3
4901 0 3
4902 0 2
4903 0 3
4904 0 3
4905 0 8
4906 0 9
4907 0 5
4908 0 34
4909 0 3
4910 0 2
4911 0 14
4912 0 11
4913 0 3
4914 0 2
4915 0 2
4916 0 2
4917 0 3
4918 0 2
4919 0 3
4920 0 5
4921 0 4
4922 0 3
4923 0 1
4924 0 3
4925 0 6
4926 0 4
4927 0 4
4928 0 11
4929 0 31
4930 0 7
4931 0 14
4932 0 4
4933 0 5
4934 0 4
4935 0 4
4936 0 4
4937 0 4
4938 0 8
4939 0 2
4940 0 4
4941 0 1
4942 0 3
4943 0 1
4944 0 3
4945 0 4
4946 0 2
4947 0 2
4948 0 2
4949 0 7
4950 0 3
4951 0 3
4952 0 3
4953 0 2
4954 0 2
4955 0 1
4956 0 2
4957 0 2
4958 0 3
4959 0 2
4960 0 2
4961 0 9
4962 0 3
4963 0 5
4964 0 2
4965 0 3
4966 0 1
4967 0 4
4968 0 3
4969 0 10
4970 0 31
4971 0 3
4972 0 24
4973 0 3
4974 0 5
4975 0 3
4976 0 10
4977 0 8
4978 0 2
4979 0 2
4980 0 4
4981 0 15
4982 0 2
4983 0 2
4984 0 8
4985 0 4
4986 0 4
4987 0 2
4988 0 4
4989 0 3
4990 0 7
4991 0 3
4992 0 8
4993 0 12
4994 0 5
4995 0 8
4996 0 3
4997 0 4
4998 0 2
4999 0 3
5000 0 4
5001 0 4
5002 0 2
5003 0 1
5004 0 2
5005 0 3
5006 0 2
5007 0 3
5008 0 4
5009 0 8
5010 0 3
5011 0 9
5012 0 5
5013 0 13
5014 0 3
5015 0 27
5016 0 11
5017 0 4
5018 0 3
5019 0 1
5020 0 3
5021 0 4
5022 0 4
5023 0 3
5024 0 8
5025 0 3
5026 0 2
5027 0 2
5028 0 1
5029 0 2
5030 0 1
5031 0 2
5032 0 2
5033 0 3
5034 0 3
5035 0 2
5036 0 4
5037 0 1
5038 0 2
5039 0 2
5040 0 4
5041 0 2
5042 0 2
5043 0 2
5044 0 2
5045 0 3
5046 0 2
5047 0 5
5048 0 4
5049 0 3
5050 0 2
5051 0 3
5052 0 4
5053 0 3
5054 0 8
5055 0 7
5056 0 21
5057 0 9
5058 0 3
5059 0 3
5060 0 3
5061 0 3
5062 0 3
5063 0 4
5064 0 3
5065 0 5
5066 0 5
5067 0 2
5068 0 3
5069 0 3
5070 0 2
5071 0 3
5072 0 5
5073 0 11
5074 0 5
5075 0 4
5076 0 3
5077 0 20
5078 0 4
5079 0 19
5080 0 10
5081 0 3
5082 0 3
5083 0 2
5084 0 3
5085 0 2
5086 0 5
5087 0 3
5088 0 8
5089 0 8
5090 0 2
5091 0 3
5092 0 4
5093 0 2
5094 0 2
5095 0 3
5096 0 24
5097 0 37
5098 0 8
5099 0 4
5100 0 7
5101 0 6
5102 0 4
5103 0 6
5104 0 57
5105 0 36
5106 0 5
5107 0 5
5108 0 5
5109 0 13
5110 0 3
5111 0 8
5112 0 53
5113 0 19
5114 0 8
5115 0 5
5116 0 9
5117 0 7
5118 0 25
5119 0 9
5120 15 222
5121 1 32
5122 0 7
5123 0 32
5124 0 9
5125 0 7
5126 0 4
5127 0 8
5128 0 12
5129 0 61
5130 0 6
5131 0 5
5132 0 9
5133 0 8
5134 0 2
5135 0 7
5136 0 35
5137 0 54
5138 0 5
5139 0 3
5140 0 7
5141 0 7
5142 0 3
5143 0 11
5144 0 39
5145 0 28
5146 0 3
5147 0 2
5148 0 4
5149 0 5
5150 0 2
5151 0 4
5152 0 28
5153 0 10
5154 0 3
5155 0 6
5156 0 3
5157 0 5
5158 0 2
5159 0 2
5160 0 2
5161 0 8
5162 0 9
5163 0 8
5164 0 37
5165 0 2
5166 0 4
5167 0 18
5168 0 10
5169 0 5
5170 0 2
5171 0 1
5172 0 2
5173 0 5
5174 0 1
5175 0 3
5176 0 7
5177 0 5
5178 0 4
5179 0 3
5180 0 3
5181 0 6
5182 0 3
5183 0 3
5184 0 13
5185 0 31
5186 0 6
5187 0 11
5188 0 5
5189 0 4
5190 0 3
5191 0 3
5192 0 3
5193 0 4
5194 0 7
5195 0 2
5196 0 4
5197 0 1
5198 0 3
5199 0 1
5200 0 3
5201 0 5
5202 0 2
5203 0 3
5204 0 2
5205 0 7
5206 0 2
5207 0 4
5208 0 3
5209 0 2
5210 0 2
5211 0 1
5212 0 2
5213 0 1
5214 0 2
5215 0 2
5216 0 3
5217 0 10
5218 0 3
5219 0 4
5220 0 3
5221 0 6
5222 0 1
5223 0 5
5224 0 3
5225 0 10
5226 0 38
5227 0 3
5228 0 34
5229 0 2
5230 0 5
5231 0 3
5232 0 10
5233 0 9
5234 0 2
5235 0 2
5236 0 4
5237 0 12
5238 0 3
5239 0 3
5240 0 5
5241 0 4
5242 0 3
5243 0 1
5244 0 3
5245 0 3
5246 0 5
5247 0 4
5248 0 7
5249 0 8
5250 0 4
5251 0 7
5252 0 3
5253 0 4
5254 0 2
5255 0 3
5256 0 3
5257 0 5
5258 0 2
5259 0 2
5260 0 3
5261 0 4
5262 0 2
5263 0 3
5264 0 4
5265 0 6
5266 0 2
5267 0 8
5268 0 5
5269 0 9
5270 0 3
5271 0 35
5272 0 11
5273 0 3
5274 0 2
5275 0 1
5276 0 3
5277 0 3
5278 0 3
5279 0 3
5280 0 7
5281 0 3
5282 0 2
5283 0 2
5284 0 1
5285 0 1
5286 0 1
5287 0 1
5288 0 1
5289 0 3
5290 0 3
5291 0 3
5292 0 4
5293 0 2
5294 0 2
5295 0 1
5296 0 3
5297 0 3
5298 0 1
5299 0 4
5300 0 2
5301 0 3
5302 0 3
5303 0 5
5304 0 4
5305 0 2
5306 0 3
5307 0 3
5308 0 5
5309 0 3
5310 0 8
5311 0 5
5312 0 20
5313 0 8
5314 0 3
5315 0 3
5316 0 2
5317 0 2
5318 0 3
5319 0 3
5320 0 2
5321 0 5
5322 0 5
5323 0 2
5324 0 3
5325 0 3
5326 0 1
5327 0 2
5328 0 4
5329 0 9
5330 0 3
5331 0 4
5332 0 4
5333 0 34
5334 0 4
5335 0 18
5336 0 6
5337 0 3
5338 0 3
5339 0 2
5340 0 4
5341 0 3
5342 0 5
5343 0 3
5344 0 7
5345 0 10
5346 0 3
5347 0 3
5348 0 4
5349 0 3
5350 0 2
5351 0 3
5352 0 23
5353 0 39
5354 0 10
5355 0 3
5356 0 8
5357 0 5
5358 0 3
5359 0 5
5360 0 52
5361 0 36
5362 0 4
5363 0 3
5364 0 5
5365 0 8
5366 0 4
5367 0 9
5368 0 57
5369 0 22
5370 0 7
5371 0 4
5372 0 11
5373 0 7
5374 0 19
5375 0 8
5376 19 215
5377 2 35
5378 0 7
5379 0 25
5380 0 7
5381 0 10
5382 0 4
5383 0 8
5384 0 13
5385 0 57
5386 0 7
5387 0 4
5388 0 10
5389 0 5
5390 0 3
5391 0 5
5392 0 35
5393 0 54
5394 0 7
5395 0 5
5396 0 5
5397 0 8
5398 0 3
5399 0 11
5400 0 40
5401 0 32
5402 0 3
5403 0 2
5404 0 4
5405 0 4
5406 0 3
5407 0 3
5408 0 30
5409 0 11
5410 0 3
5411 0 6
5412 0 3
5413 0 4
5414 0 1
5415 0 2
5416 0 3
5417 0 8
5418 0 9
5419 0 7
5420 0 26
5421 0 3
5422 0 2
5423 0 4
5424 0 8
5425 0 4
5426 0 4
5427 0 2
5428 0 3
5429 0 2
5430 0 1
5431 0 2
5432 0 4
5433 0 3
5434 0 4
5435 0 1
5436 0 3
5437 0 7
5438 0 3
5439 0 3
5440 0 9
5441 0 22
5442 0 6
5443 0 12
5444 0 4
5445 0 6
5446 0 2
5447 0 4
5448 0 3
5449 0 5
5450 0 6
5451 0 3
5452 0 4
5453 0 2
5454 0 3
5455 0 1
5456 0 3
5457 0 5
5458 0 2
5459 0 2
5460 0 1
5461 0 8
5462 0 4
5463 0 3
5464 0 3
5465 0 2
5466 0 1
5467 0 1
5468 0 2
5469 0 3
5470 0 3
5471 0 2
5472 0 3
5473 0 6
5474 0 3
5475 0 3
5476 0 4
5477 0 3
5478 0 2
5479 0 3
5480 0 4
5481 0 11
5482 0 25
5483 0 3
5484 0 23
5485 0 4
5486 0 7
5487 0 2
5488 0 9
5489 0 4
5490 0 2
5491 0 2
5492 0 3
5493 0 5
5494 0 2
5495 0 2
5496 0 5
5497 0 4
5498 0 3
5499 0 1
5500 0 4
5501 0 3
5502 0 5
5503 0 3
5504 0 7
5505 0 11
5506 0 4
5507 0 7
5508 0 3
5509 0 3
5510 0 2
5511 0 3
5512 0 2
5513 0 5
5514 0 3
5515 0 1
5516 0 3
5517 0 2
5518 0 1
5519 0 3
5520 0 4
5521 0 8
5522 0 2
5523 0 7
5524 0 4
5525 0 10
5526 0 2
5527 0 37
5528 0 13
5529 0 3
5530 0 3
5531 0 1
5532 0 3
5533 0 6
5534 0 4
5535 0 3
5536 0 8
5537 0 3
5538 0 2
5539 0 2
5540 0 1
5541 0 1
5542 0 2
5543 0 1
5544 0 2
5545 0 3
5546 0 3
5547 0 2
5548 0 5
5549 0 2
5550 0 2
5551 0 1
5552 0 4
5553 0 2
5554 0 2
5555 0 3
5556 0 3
5557 0 3
5558 0 2
5559 0 5
5560 0 6
5561 0 3
5562 0 2
5563 0 2
5564 0 6
5565 0 3
5566 0 6
5567 0 5
5568 0 17
5569 0 8
5570 0 3
5571 0 3
5572 0 2
5573 0 3
5574 0 3
5575 0 3
5576 0 4
5577 0 5
5578 0 4
5579 0 2
5580 0 3
5581 0 3
5582 0 3
5583 0 6
5584 0 5
5585 0 10
5586 0 4
5587 0 3
5588 0 3
5589 0 23
5590 0 5
5591 0 23
5592 0 10
5593 0 5
5594 0 3
5595 0 3
5596 0 2
5597 0 4
5598 0 4
5599 0 3
5600 0 8
5601 0 8
5602 0 3
5603 0 3
5604 0 3
5605 0 3
5606 0 2
5607 0 3
5608 0 24
5609 0 41
5610 0 11
5611 0 3
5612 0 7
5613 0 4
5614 0 4
5615 0 5
5616 0 53
5617 0 34
5618 0 4
5619 0 3
5620 0 4
5621 0 12
5622 0 5
5623 0 10
5624 0 65
5625 0 24
5626 0 8
5627 0 3
5628 0 7
5629 0 9
5630 0 19
5631 0 8
5632 21 193
5633 1 33
5634 0 9
5635 0 27
5636 0 7
5637 0 13
5638 0 5
5639 0 11
5640 0 10
5641 0 70
5642 0 6
5643 0 5
5644 0 9
5645 0 8
5646 0 3
5647 0 7
5648 0 35
5649 0 56
5650 0 5
5651 0 5
5652 0 7
5653 0 9
5654 0 3
5655 0 12
5656 0 27
5657 0 28
5658 0 3
5659 0 2
5660 0 3
5661 0 5
5662 0 3
5663 0 4
5664 0 32
5665 0 15
5666 0 4
5667 0 5
5668 0 3
5669 0 3
5670 0 2
5671 0 3
5672 0 4
5673 0 6
5674 0 7
5675 0 6
5676 0 39
5677 0 3
5678 0 3
5679 0 8
5680 0 11
5681 0 5
5682 0 3
5683 0 2
5684 0 3
5685 0 4
5686 0 1
5687 0 3
5688 0 5
5689 0 4
5690 0 4
5691 0 2
5692 0 3
5693 0 6
5694 0 4
5695 0 2
5696 0 8
5697 0 32
5698 0 5
5699 0 11
5700 0 5
5701 0 5
5702 0 2
5703 0 4
5704 0 4
5705 0 5
5706 0 7
5707 0 2
5708 0 5
5709 0 2
5710 0 2
5711 0 1
5712 0 4
5713 0 6
5714 0 2
5715 0 2
5716 0 2
5717 0 7
5718 0 3
5719 0 4
5720 0 3
5721 0 2
5722 0 2
5723 0 1
5724 0 2
5725 0 2
5726 0 3
5727 0 2
5728 0 3
5729 0 6
5730 0 2
5731 0 3
5732 0 2
5733 0 3
5734 0 2
5735 0 4
5736 0 3
5737 0 9
5738 0 31
5739 0 4
5740 0 28
5741 0 4
5742 0 5
5743 0 3
5744 0 10
5745 0 6
5746 0 4
5747 0 2
5748 0 4
5749 0 9
5750 0 2
5751 0 3
5752 0 3
5753 0 4
5754 0 2
5755 0 2
5756 0 3
5757 0 3
5758 0 5
5759 0 3
5760 0 7
5761 0 8
5762 0 4
5763 0 5
5764 0 3
5765 0 3
5766 0 2
5767 0 3
5768 0 4
5769 0 4
5770 0 3
5771 0 1
5772 0 3
5773 0 3
5774 0 1
5775 0 2
5776 0 6
5777 0 9
5778 0 3
5779 0 6
5780 0 3
5781 0 8
5782 0 3
5783 0 25
5784 0 13
5785 0 3
5786 0 4
5787 0 2
5788 0 2
5789 0 3
5790 0 3
5791 0 3
5792 0 8
5793 0 3
5794 0 2
5795 0 2
5796 0 2
5797 0 1
5798 0 1
5799 0 2
5800 0 2
5801 0 3
5802 0 3
5803 0 4
5804 0 5
5805 0 2
5806 0 2
5807 0 3
5808 0 5
5809 0 2
5810 0 2
5811 0 3
5812 0 3
5813 0 3
5814 0 2
5815 0 6
5816 0 4
5817 0 2
5818 0 3
5819 0 3
5820 0 6
5821 0 4
5822 0 8
5823 0 5
5824 0 25
5825 0 10
5826 0 3
5827 0 4
5828 0 3
5829 0 3
5830 0 3
5831 0 3
5832 0 3
5833 0 4
5834 0 4
5835 0 2
5836 0 3
5837 0 3
5838 0 3
5839 0 5
5840 0 4
5841 0 8
5842 0 5
5843 0 3
5844 0 3
5845 0 23
5846 0 4
5847 0 20
5848 0 11
5849 0 6
5850 0 3
5851 0 2
5852 0 3
5853 0 3
5854 0 5
5855 0 3
5856 0 13
5857 0 9
5858 0 3
5859 0 3
5860 0 4
5861 0 3
5862 0 3
5863 0 3
5864 0 20
5865 0 37
5866 0 8
5867 0 4
5868 0 7
5869 0 5
5870 0 3
5871 0 4
5872 0 49
5873 0 38
5874 0 4
5875 0 2
5876 0 5
5877 0 12
5878 0 4
5879 0 9
5880 0 66
5881 0 32
5882 0 8
5883 0 3
5884 0 15
5885 0 8
5886 0 22
5887 0 9
5888 21 224
5889 2 31
5890 0 10
5891 0 31
5892 0 8
5893 0 11
5894 0 3
5895 0 8
5896 0 13
5897 0 64
5898 0 9
5899 0 5
5900 0 9
5901 0 8
5902 0 3
5903 0 12
5904 0 30
5905 0 51
5906 0 5
5907 0 5
5908 0 9
5909 0 6
5910 0 3
5911 0 12
5912 0 35
5913 0 30
5914 0 3
5915 0 2
5916 0 3
5917 0 6
5918 0 2
5919 0 5
5920 0 22
5921 0 15
5922 0 3
5923 0 11
5924 0 3
5925 0 6
5926 0 2
5927 0 3
5928 0 2
5929 0 7
5930 0 9
5931 0 10
5932 0 47
5933 0 3
5934 0 3
5935 0 15
5936 0 11
5937 0 6
5938 0 2
5939 0 2
5940 0 3
5941 0 6
5942 0 2
5943 0 3
5944 0 4
5945 0 4
5946 0 3
5947 0 4
5948 0 3
5949 0 6
5950 0 3
5951 0 3
5952 0 8
5953 0 27
5954 0 5
5955 0 12
5956 0 5
5957 0 5
5958 0 3
5959 0 5
5960 0 4
5961 0 5
5962 0 8
5963 0 2
5964 0 5
5965 0 1
5966 0 5
5967 0 1
5968 0 3
5969 0 4
5970 0 2
5971 0 2
5972 0 2
5973 0 9
5974 0 4
5975 0 4
5976 0 3
5977 0 2
5978 0 2
5979 0 1
5980 0 2
5981 0 2
5982 0 4
5983 0 2
5984 0 3
5985 0 6
5986 0 3
5987 0 3
5988 0 3
5989 0 5
5990 0 1
5991 0 4
5992 0 4
5993 0 11
5994 0 34
5995 0 2
5996 0 28
5997 0 3
5998 0 5
5999 0 3
6000 0 8
6001 0 9
6002 0 3
6003 0 2
6004 0 4
6005 0 11
6006 0 3
6007 0 2
6008 0 5
6009 0 4
6010 0 3
6011 0 2
6012 0 2
6013 0 4
6014 0 4
6015 0 2
6016 0 10
6017 0 5
6018 0 4
6019 0 5
6020 0 3
6021 0 4
6022 0 1
6023 0 3
6024 0 3
6025 0 4
6026 0 3
6027 0 3
6028 0 3
6029 0 4
6030 0 2
6031 0 3
6032 0 4
6033 0 6
6034 0 2
6035 0 6
6036 0 5
6037 0 10
6038 0 3
6039 0 38
6040 0 12
6041 0 4
6042 0 3
6043 0 1
6044 0 2
6045 0 4
6046 0 3
6047 0 3
6048 0 9
6049 0 3
6050 0 2
6051 0 2
6052 0 1
6053 0 1
6054 0 1
6055 0 2
6056 0 2
6057 0 4
6058 0 3
6059 0 4
6060 0 4
6061 0 2
6062 0 2
6063 0 3
6064 0 4
6065 0 2
6066 0 2
6067 0 4
6068 0 4
6069 0 3
6070 0 2
6071 0 5
6072 0 4
6073 0 3
6074 0 4
6075 0 3
6076 0 4
6077 0 3
6078 0 8
6079 0 4
6080 0 23
6081 0 7
6082 0 3
6083 0 4
6084 0 2
6085 0 2
6086 0 3
6087 0 3
6088 0 3
6089 0 6
6090 0 4
6091 0 2
6092 0 3
6093 0 3
6094 0 2
6095 0 2
6096 0 4
6097 0 9
6098 0 2
6099 0 4
6100 0 4
6101 0 31
6102 0 5
6103 0 19
6104 0 6
6105 0 3
6106 0 3
6107 0 2
6108 0 4
6109 0 4
6110 0 6
6111 0 3
6112 0 8
6113 0 10
6114 0 2
6115 0 3
6116 0 3
6117 0 2
6118 0 3
6119 0 2
6120 0 21
6121 0 38
6122 0 12
6123 0 3
6124 0 7
6125 0 5
6126 0 4
6127 0 4
6128 0 61
6129 0 45
6130 0 5
6131 0 3
6132 0 4
6133 0 9
6134 0 3
6135 0 7
6136 0 63
6137 0 28
6138 0 6
6139 0 4
6140 0 11
6141 0 7
6142 0 21
6143 0 7
6144 16 194
